5 L 0 1 0 1 0 I 1 1 0 0 -1 T 1 1 0 1 -1 I 1 1 0 0 -1 L 1 0 0 1 11 I 1 1 0 0 6 I 0 0 1 1 -1 I 0 0 1 1 1 I 1 1 0 0 8 I 0 0 1 1 7 T 0 1 1 1 9 I 1 1 0 0 -1 T 1 0 1 1 -1 I 0 0 1 1 -1 T 1 0 1 1 3 I 1 1 0 0 10 L 0 1 1 0 -1 L 0 1 0 1 -1 L 0 1 1 0 -1 I 0 0 1 1 -1 L 0 1 1 0 -1 I 1 1 0 0 -1 T 1 1 1 0 4 L 0 1 1 0 5 L 1 0 1 0 2 L 0 1 1 0 -1 
5 L 0 1 0 1 0 I 1 1 0 0 -1 T 1 1 0 1 -1 I 1 1 0 0 -1 L 1 0 0 1 11 I 1 1 0 0 6 I 0 0 1 1 -1 I 0 0 1 1 1 I 1 1 0 0 8 I 0 0 1 1 -1 T 0 1 1 1 9 I 1 1 0 0 -1 T 1 0 1 1 -1 I 0 0 1 1 -1 T 1 0 1 1 3 L 0 1 1 0 -1 I 1 1 0 0 10 L 0 1 1 0 -1 L 0 1 0 1 -1 L 0 1 1 0 -1 L 0 1 1 0 -1 I 1 1 0 0 -1 T 1 1 1 0 4 L 0 1 1 0 5 L 1 0 1 0 2 I 0 0 1 1 -1 
5 L 0 1 0 1 0 I 1 1 0 0 -1 T 1 1 0 1 -1 I 1 1 0 0 -1 L 1 0 0 1 11 I 1 1 0 0 -1 I 1 1 0 0 -1 I 0 0 1 1 -1 I 0 0 1 1 1 I 1 1 0 0 8 T 0 1 1 1 9 I 1 1 0 0 -1 T 1 0 1 1 -1 I 0 0 1 1 -1 T 1 0 1 1 3 L 0 1 1 0 -1 I 1 1 0 0 10 L 0 1 1 0 -1 L 0 1 0 1 -1 L 0 1 1 0 -1 L 0 1 1 0 -1 I 1 1 0 0 -1 T 1 1 1 0 4 L 0 1 1 0 5 L 1 0 1 0 2 I 0 0 1 1 -1 
5 L 0 1 0 1 0 I 1 1 0 0 -1 T 1 1 0 1 -1 I 1 1 0 0 -1 L 1 0 0 1 11 I 1 1 0 0 -1 I 1 1 0 0 -1 I 0 0 1 1 -1 I 0 0 1 1 1 I 1 1 0 0 8 T 0 1 1 1 9 I 1 1 0 0 -1 T 1 0 1 1 -1 I 0 0 1 1 -1 T 1 0 1 1 3 I 1 1 0 0 10 L 0 1 1 0 -1 L 0 1 0 1 -1 L 0 1 1 0 -1 I 1 1 0 0 -1 L 0 1 1 0 -1 I 1 1 0 0 -1 T 1 1 1 0 4 L 0 1 1 0 5 L 1 0 1 0 2 L 0 1 1 0 -1 
5 L 0 1 0 1 0 I 1 1 0 0 -1 T 1 1 0 1 -1 I 1 1 0 0 -1 L 1 0 0 1 11 L 0 1 0 1 -1 I 1 1 0 0 -1 I 1 1 0 0 -1 I 0 0 1 1 -1 I 0 0 1 1 1 T 0 1 1 1 9 I 1 1 0 0 -1 T 1 0 1 1 -1 I 0 0 1 1 -1 T 1 0 1 1 3 I 1 1 0 0 10 L 0 1 1 0 -1 L 0 1 0 1 -1 L 0 1 1 0 -1 I 1 1 0 0 -1 L 0 1 1 0 -1 I 1 1 0 0 -1 T 1 1 1 0 4 L 0 1 1 0 5 L 1 0 1 0 2 I 1 1 0 0 8 
5 L 0 1 0 1 0 I 1 1 0 0 -1 T 1 1 0 1 -1 I 1 1 0 0 8 L 1 0 0 1 11 L 0 1 0 1 -1 I 1 1 0 0 -1 I 1 1 0 0 -1 I 1 1 0 0 -1 I 0 0 1 1 1 T 0 1 1 1 9 I 1 1 0 0 -1 T 1 0 1 1 -1 I 0 0 1 1 -1 T 1 0 1 1 3 I 1 1 0 0 10 L 0 1 1 0 -1 L 0 1 0 1 -1 I 0 0 1 1 -1 I 1 1 0 0 -1 L 0 1 1 0 -1 I 1 1 0 0 -1 T 1 1 1 0 4 L 0 1 1 0 -1 L 1 0 1 0 2 L 0 1 1 0 5 
5 L 0 1 0 1 0 I 1 1 0 0 -1 T 1 1 0 1 -1 I 1 1 0 0 8 L 1 0 0 1 11 L 0 1 0 1 -1 I 1 1 0 0 -1 I 1 1 0 0 -1 I 1 1 0 0 -1 I 0 0 1 1 1 T 0 1 1 1 9 L 0 1 1 0 -1 T 1 0 1 1 -1 I 0 0 1 1 -1 T 1 0 1 1 3 I 1 1 0 0 10 I 1 1 0 0 -1 L 0 1 0 1 -1 I 0 0 1 1 -1 I 1 1 0 0 -1 L 0 1 1 0 -1 L 0 1 1 0 5 T 1 1 1 0 4 L 0 1 1 0 -1 L 1 0 1 0 2 I 1 1 0 0 -1 
5 L 0 1 0 1 0 I 1 1 0 0 -1 T 1 1 0 1 -1 I 1 1 0 0 8 L 1 0 0 1 11 L 0 1 0 1 -1 I 1 1 0 0 -1 I 1 1 0 0 -1 I 1 1 0 0 -1 I 0 0 1 1 1 T 0 1 1 1 9 L 0 1 1 0 -1 T 1 0 1 1 -1 I 0 0 1 1 -1 T 1 0 1 1 3 I 0 0 1 1 -1 I 1 1 0 0 10 I 1 1 0 0 -1 L 0 1 0 1 -1 I 0 0 1 1 -1 L 0 1 1 0 -1 L 0 1 1 0 5 T 1 1 1 0 4 L 0 1 1 0 -1 L 1 0 1 0 2 I 1 1 0 0 -1 
5 L 0 1 0 1 0 I 1 1 0 0 -1 T 1 1 0 1 -1 I 1 1 0 0 8 L 1 0 0 1 11 I 1 1 0 0 -1 I 1 1 0 0 -1 I 1 1 0 0 -1 I 0 0 1 1 1 I 0 0 1 1 -1 T 0 1 1 1 9 L 0 1 1 0 -1 T 1 0 1 1 -1 I 0 0 1 1 -1 T 1 0 1 1 3 I 0 0 1 1 -1 I 1 1 0 0 10 I 1 1 0 0 -1 L 0 1 0 1 -1 I 0 0 1 1 -1 L 0 1 1 0 -1 L 0 1 1 0 5 T 1 1 1 0 4 L 0 1 1 0 -1 L 1 0 1 0 2 L 0 1 0 1 -1 
5 L 0 1 0 1 0 I 1 1 0 0 -1 T 1 1 0 1 -1 I 1 1 0 0 8 L 1 0 0 1 11 I 1 1 0 0 -1 I 1 1 0 0 -1 I 1 1 0 0 -1 I 0 0 1 1 1 I 0 0 1 1 -1 T 0 1 1 1 9 L 0 1 1 0 -1 T 1 0 1 1 -1 I 0 0 1 1 -1 T 1 0 1 1 3 L 0 1 0 1 -1 I 0 0 1 1 -1 I 1 1 0 0 10 I 1 1 0 0 -1 L 0 1 0 1 -1 L 0 1 1 0 -1 L 0 1 1 0 -1 T 1 1 1 0 4 L 0 1 1 0 -1 L 1 0 1 0 2 I 0 0 1 1 -1 
5 L 0 1 0 1 0 I 1 1 0 0 -1 T 1 1 0 1 -1 I 1 1 0 0 8 L 1 0 0 1 11 I 0 0 1 1 -1 I 1 1 0 0 -1 I 1 1 0 0 -1 I 1 1 0 0 -1 I 0 0 1 1 1 T 0 1 1 1 9 L 0 1 1 0 -1 T 1 0 1 1 -1 I 0 0 1 1 -1 T 1 0 1 1 3 L 0 1 0 1 -1 I 0 0 1 1 -1 I 1 1 0 0 10 I 1 1 0 0 -1 L 0 1 0 1 -1 L 0 1 1 0 -1 L 0 1 1 0 -1 T 1 1 1 0 -1 L 0 1 1 0 -1 L 1 0 1 0 2 I 0 0 1 1 -1 
5 L 0 1 0 1 0 I 1 1 0 0 -1 T 1 1 0 1 -1 I 1 1 0 0 -1 L 1 0 0 1 11 I 0 0 1 1 -1 I 1 1 0 0 -1 I 1 1 0 0 -1 I 0 0 1 1 -1 I 0 0 1 1 1 T 0 1 1 1 9 L 0 1 1 0 -1 T 1 0 1 1 -1 I 1 1 0 0 -1 T 1 0 1 1 3 L 0 1 0 1 -1 I 0 0 1 1 -1 I 1 1 0 0 10 L 0 1 1 0 -1 L 0 1 0 1 -1 L 0 1 1 0 -1 L 0 1 1 0 -1 T 1 1 1 0 -1 I 1 1 0 0 -1 L 1 0 1 0 2 I 1 1 0 0 8 
5 L 0 1 0 1 0 I 1 1 0 0 8 T 1 1 0 1 -1 I 1 1 0 0 -1 L 1 0 0 1 -1 I 0 0 1 1 -1 I 1 1 0 0 -1 I 1 1 0 0 -1 I 0 0 1 1 -1 I 0 0 1 1 1 T 0 1 1 1 9 I 1 1 0 0 -1 T 1 0 1 1 -1 I 1 1 0 0 -1 T 1 0 1 1 3 L 0 1 0 1 -1 L 0 1 1 0 -1 I 1 1 0 0 10 L 0 1 1 0 -1 L 0 1 0 1 -1 L 0 1 1 0 -1 I 0 0 1 1 -1 T 1 1 1 0 -1 I 1 1 0 0 -1 L 1 0 1 0 2 L 0 1 1 0 -1 
5 L 0 1 0 1 0 I 1 1 0 0 8 T 1 1 0 1 -1 I 0 0 1 1 -1 L 1 0 0 1 -1 I 0 0 1 1 -1 I 1 1 0 0 -1 I 1 1 0 0 -1 I 1 1 0 0 -1 I 0 0 1 1 1 T 0 1 1 1 9 I 1 1 0 0 -1 T 1 0 1 1 -1 L 0 1 1 0 -1 T 1 0 1 1 3 L 0 1 0 1 -1 L 0 1 1 0 -1 I 1 1 0 0 10 I 1 1 0 0 -1 L 0 1 0 1 -1 L 0 1 1 0 -1 I 0 0 1 1 -1 T 1 1 1 0 -1 L 0 1 1 0 -1 L 1 0 1 0 2 I 1 1 0 0 -1 
5 L 0 1 0 1 0 I 1 1 0 0 8 T 1 1 0 1 -1 I 0 0 1 1 -1 L 1 0 0 1 -1 I 0 0 1 1 -1 I 1 1 0 0 -1 I 1 1 0 0 -1 I 1 1 0 0 -1 I 0 0 1 1 1 T 0 1 1 1 9 I 1 1 0 0 -1 T 1 0 1 1 -1 L 0 1 1 0 -1 T 1 0 1 1 3 I 1 1 0 0 -1 L 0 1 0 1 -1 L 0 1 1 0 -1 I 1 1 0 0 10 I 1 1 0 0 -1 L 0 1 1 0 -1 I 0 0 1 1 -1 T 1 1 1 0 -1 L 0 1 1 0 -1 L 1 0 1 0 2 L 0 1 0 1 -1 
5 L 0 1 0 1 0 I 1 1 0 0 8 T 1 1 0 1 -1 I 1 1 0 0 -1 L 1 0 0 1 -1 I 0 0 1 1 -1 I 1 1 0 0 -1 I 1 1 0 0 -1 L 0 1 1 0 -1 I 0 0 1 1 1 T 0 1 1 1 9 I 1 1 0 0 -1 T 1 0 1 1 -1 I 1 1 0 0 -1 T 1 0 1 1 3 I 1 1 0 0 -1 L 0 1 0 1 -1 L 0 1 1 0 -1 L 0 1 1 0 -1 I 1 1 0 0 -1 L 0 1 1 0 -1 I 0 0 1 1 -1 T 1 1 1 0 -1 L 0 1 0 1 -1 L 1 0 1 0 2 I 0 0 1 1 -1 
5 L 0 1 0 1 0 I 1 1 0 0 8 T 1 1 0 1 -1 I 1 1 0 0 -1 L 1 0 0 1 -1 I 0 0 1 1 -1 I 1 1 0 0 -1 I 1 1 0 0 -1 L 0 1 1 0 -1 I 0 0 1 1 1 T 0 1 1 1 9 I 1 1 0 0 -1 T 1 0 1 1 -1 I 1 1 0 0 -1 T 1 0 1 1 3 L 0 1 0 1 -1 L 0 1 1 0 -1 L 0 1 1 0 -1 I 1 1 0 0 -1 I 0 0 1 1 -1 L 0 1 1 0 -1 I 0 0 1 1 -1 T 1 1 1 0 -1 L 0 1 0 1 -1 L 1 0 1 0 2 I 1 1 0 0 -1 
5 L 0 1 0 1 0 I 1 1 0 0 8 T 1 1 0 1 -1 I 1 1 0 0 -1 L 1 0 0 1 -1 I 1 1 0 0 -1 I 0 0 1 1 -1 I 1 1 0 0 -1 I 1 1 0 0 -1 L 0 1 1 0 -1 T 0 1 1 1 9 I 1 1 0 0 -1 T 1 0 1 1 -1 I 1 1 0 0 -1 T 1 0 1 1 -1 L 0 1 0 1 -1 L 0 1 1 0 -1 L 0 1 1 0 -1 I 1 1 0 0 -1 I 0 0 1 1 -1 L 0 1 1 0 -1 I 0 0 1 1 -1 T 1 1 1 0 -1 L 0 1 0 1 -1 L 1 0 1 0 2 I 0 0 1 1 1 